elso <- 1+1